           0   5.96999987E+10   5.21569587E+09
           1   5.00999987E+10   3.68429594E+09
           2   4.72000020E+10   3.28621338E+09
           3   5.07000013E+10   3.48119270E+09
           4   5.96999987E+10   3.96051661E+09
           5   7.04000000E+10   4.80948890E+09
           6   7.67000003E+10   5.16288870E+09
           7   7.29000018E+10   4.55764070E+09
           8   7.07999990E+10   4.40734413E+09
           9   7.97000008E+10   4.34641306E+09
          10   9.26000005E+10   4.58607514E+09
          11   9.97999985E+10   4.91104051E+09
          12   1.14000003E+11   6.54000026E+09
          13   1.39000005E+11   1.11000003E+10
          14   1.43999992E+11   1.48999997E+10
          15   1.62999992E+11   1.56000000E+10
          16   1.53999999E+11   1.36000000E+10
          17   1.74999994E+11   1.47000003E+10
          18   1.49999993E+11   1.44000000E+10
          19   1.78000003E+11   1.98000005E+10
          20   1.91000003E+11   2.38000005E+10
          21   1.96000006E+11   2.91999990E+10
          22   2.04999999E+11   4.03999990E+10
          23   2.30999998E+11   4.13000008E+10
          24   2.60000006E+11   4.95000003E+10
          25   3.09000012E+11   6.40999997E+10
          26   3.00999999E+11   5.97999985E+10
          27   2.73000006E+11   6.78999982E+10
          28   3.11999988E+11   9.38999972E+10
          29   3.47999994E+11   8.72999977E+10
          30   3.61000010E+11   8.75999969E+10
          31   3.82999986E+11   9.94999992E+10
          32   4.27000005E+11   1.28999997E+11
          33   4.44999991E+11   1.60000000E+11
          34   5.63999998E+11   2.02000007E+11
          35   7.35000003E+11   2.51999994E+11
          36   8.64000016E+11   2.92000006E+11
          37   9.61999995E+11   3.32000002E+11
          38   1.03000002E+12   3.33999997E+11
          39   1.08999999E+12   3.66999994E+11
          40   1.20999995E+12   4.77000008E+11
          41   1.34000004E+12   5.15999990E+11
          42   1.47000001E+12   6.28999979E+11
          43   1.66000001E+12   8.60000027E+11
          44   1.95999996E+12   1.16000005E+12
          45   2.29000007E+12   1.41999997E+12
          46   2.74999987E+12   1.76999996E+12
          47   3.54999992E+12   2.21000001E+12
          48   4.58999988E+12   2.65000006E+12
          49   5.09999999E+12   2.31000008E+12
          50   6.08999991E+12   3.09000012E+12
          51   7.54999991E+12   3.83000012E+12
          52   8.53000008E+12   4.12000007E+12
          53   9.56999978E+12   4.46999980E+12
          54   1.04999997E+13   4.70000022E+12
          55   1.11000001E+13   4.36999999E+12
          56   1.11999996E+13   4.14000008E+12
          57   1.22999999E+13   4.62999991E+12
          58   1.39000000E+13   5.20000006E+12
          59   1.42799379E+13   5.11756049E+12
          60   1.47227306E+13   5.08035596E+12
