           0   1.10354776E+11   3.49942825E+10
           1   1.27815197E+11   3.94230129E+10
           2   1.53283592E+11   4.71082066E+10
           3   2.03688575E+11   6.45758321E+10
           4   2.27680813E+11   8.41347154E+10
           5   2.50853048E+11   9.00734239E+10
           6   2.65739436E+11   1.01964595E+11
           7   3.07026395E+11   1.16989215E+11
           8   3.78598621E+11   1.40765217E+11
           9   4.50606170E+11   1.76748347E+11
          10   4.85897863E+11   2.03368022E+11
          11   4.09267896E+11   1.80827341E+11
          12   3.97058310E+11   1.76245703E+11
          13   3.94056630E+11   1.71712430E+11
          14   3.70741674E+11   1.71440800E+11
          15   3.74532604E+11   1.79458605E+11
          16   5.34962340E+11   2.29737595E+11
          17   6.63752868E+11   2.76715045E+11
          18   7.16404425E+11   3.04661889E+11
          19   7.15317838E+11   3.23437527E+11
          20   9.05828696E+11   4.15445516E+11
          21   9.55565015E+11   4.56926167E+11
          22   1.08991132E+12   4.89270313E+11
          23   1.05901405E+12   4.29713326E+11
          24   1.12740729E+12   4.74163642E+11
          25   1.32200622E+12   5.76151880E+11
          26   1.27685611E+12   5.74657004E+11
          27   1.13096131E+12   5.61439244E+11
          28   1.14477302E+12   5.90530871E+11
          29   2.19494534E+12   1.17135114E+12
          30   1.94798197E+12   1.19851660E+12
          31   1.94579097E+12   1.20761313E+12
          32   2.07848446E+12   1.26652226E+12
          33   2.50164045E+12   1.54724755E+12
          34   2.81435387E+12   1.86383965E+12
          35   2.84686418E+12   2.01895943E+12
          36   2.99470370E+12   2.31938982E+12
          37   3.42557825E+12   2.73616077E+12
          38   3.74526417E+12   3.05331936E+12
          39   3.41126126E+12   2.42979753E+12
          40   3.39966794E+12   2.71526789E+12
          41   3.74931508E+12   3.19464591E+12
          42   3.52714306E+12   3.05147465E+12
          43   3.73380455E+12   3.17667908E+12
          44   3.88909315E+12   3.29095420E+12
          45   3.35758570E+12   2.89579100E+12
          46   3.46985359E+12   2.94138256E+12
          47   3.68000002E+12   3.21999995E+12
          48   3.95999995E+12   3.50999989E+12
          49   3.86112343E+12   3.39736894E+12
          50   3.80606009E+12   3.11389376E+12
