           0   3.70298839E+10   4.18320410E+09
           1   3.92324342E+10   4.02570394E+09
           2   4.21614838E+10   4.30080410E+09
           3   4.84219249E+10   4.93290496E+09
           4   5.64802888E+10   5.31510528E+09
           5   5.95548529E+10   5.07349862E+09
           6   4.58654638E+10   4.96000000E+09
           7   5.01349417E+10   5.00400026E+09
           8   5.30854543E+10   4.76800000E+09
           9   5.84479949E+10   4.52666675E+09
          10   6.24224829E+10   4.78266675E+09
          11   6.73509868E+10   5.16555571E+09
          12   7.14631905E+10   5.52867840E+09
          13   8.55152722E+10   7.63830579E+09
          14   9.95259023E+10   1.08004413E+10
          15   9.84727962E+10   1.21062246E+10
          16   1.02717161E+11   1.31490324E+10
          17   1.21487319E+11   1.53658399E+10
          18   1.37300296E+11   1.77158738E+10
          19   1.52991646E+11   2.28245258E+10
          20   1.86325352E+11   2.86653665E+10
          21   1.93490616E+11   2.80701952E+10
          22   2.00715141E+11   2.83528765E+10
          23   2.18262274E+11   2.98814013E+10
          24   2.12158235E+11   2.97220444E+10
          25   2.32511881E+11   2.99941171E+10
          26   2.48985993E+11   3.04242749E+10
          27   2.79033577E+11   3.51158559E+10
          28   2.96589001E+11   4.00111903E+10
          29   2.96042365E+11   4.49040957E+10
          30   3.20979042E+11   4.97718477E+10
          31   2.70105346E+11   4.58847560E+10
          32   2.88208421E+11   5.31257467E+10
          33   2.79296016E+11   5.48859699E+10
          34   3.27275577E+11   6.57108623E+10
          35   3.60281965E+11   8.23872881E+10
          36   3.92897069E+11   8.61603103E+10
          37   4.15867765E+11   9.40667372E+10
          38   4.21351490E+11   9.98580634E+10
          39   4.58820420E+11   1.13859027E+11
          40   4.68394934E+11   1.26002561E+11
          41   4.85441012E+11   1.26181917E+11
          42   5.14937946E+11   1.51951311E+11
          43   6.07699272E+11   1.85910018E+11
          44   7.09148541E+11   2.65957736E+11
          45   8.20381614E+11   3.44573968E+11
          46   9.40259869E+11   4.29928940E+11
          47   1.21673548E+12   5.55881005E+11
          48   1.19889553E+12   6.39829213E+11
          49   1.34188656E+12   6.20929417E+11
          50   1.67561527E+12   8.25327813E+11
          51   1.82304991E+12   1.01405111E+12
          52   1.82763782E+12   1.01970720E+12
          53   1.85672217E+12   9.99735886E+11
          54   2.03912747E+12   9.97585715E+11
          55   2.10358777E+12   8.81885315E+11
          56   2.29479809E+12   9.19812047E+11
          57   2.65147305E+12   1.08027629E+12
          58   2.70111185E+12   1.17764850E+12
          59   2.87050406E+12   1.13059889E+12
          60   2.62298377E+12   9.56599108E+11
