           0   4.43000013E+10   9.31000013E+09
           1   5.34999982E+10   1.08000000E+10
           2   6.07000003E+10   1.13999995E+10
           3   6.95000023E+10   1.31000003E+10
           4   8.17000038E+10   1.56999997E+10
           5   9.09999964E+10   1.78999992E+10
           6   1.05999999E+11   2.07000003E+10
           7   1.24000002E+11   2.36000010E+10
           8   1.47000001E+11   2.80000000E+10
           9   1.72000002E+11   3.36000000E+10
          10   2.12999995E+11   4.16000000E+10
          11   2.40000008E+11   4.78000005E+10
          12   3.18000005E+11   5.76999997E+10
          13   4.32000008E+11   8.33999995E+10
          14   4.80000016E+11   1.28999997E+11
          15   5.22000007E+11   1.28000000E+11
          16   5.85999974E+11   1.47999998E+11
          17   7.21000006E+11   1.70000007E+11
          18   1.01000000E+12   1.99999996E+11
          19   1.05999997E+12   2.43999998E+11
          20   1.11000001E+12   3.00999999E+11
          21   1.21999996E+12   3.37000006E+11
          22   1.13000002E+12   3.09999993E+11
          23   1.23999997E+12   3.11999988E+11
          24   1.32000003E+12   3.47000013E+11
          25   1.39999995E+12   3.44000004E+11
          26   2.08000005E+12   3.77000002E+11
          27   2.52999998E+12   4.32999989E+11
          28   3.07000010E+12   5.27999992E+11
          29   3.05000009E+12   5.76999981E+11
          30   3.12999988E+12   6.15999996E+11
          31   3.57999994E+12   6.47999980E+11
          32   3.90999992E+12   6.76999987E+11
          33   4.44999978E+12   7.13000026E+11
          34   4.91000011E+12   7.89999976E+11
          35   5.44999997E+12   9.08999983E+11
          36   4.83000005E+12   8.94999986E+11
          37   4.40999975E+12   8.84999979E+11
          38   4.03000001E+12   7.75999980E+11
          39   4.56000012E+12   8.36999971E+11
          40   4.89000010E+12   9.69000026E+11
          41   4.29999994E+12   8.51999982E+11
          42   4.12000007E+12   8.50999968E+11
          43   4.44999978E+12   9.60000033E+11
          44   4.81999978E+12   1.15000004E+12
          45   4.75999974E+12   1.25999999E+12
          46   4.52999984E+12   1.37000006E+12
          47   4.52000009E+12   1.49000002E+12
          48   5.03999994E+12   1.73000006E+12
          49   5.22999982E+12   1.28000000E+12
          50   5.69999989E+12   1.62999999E+12
          51   6.16000022E+12   1.87000003E+12
          52   6.20000025E+12   1.90000005E+12
          53   5.16000003E+12   1.75999995E+12
          54   4.85000007E+12   1.81999999E+12
          55   4.39000000E+12   1.55999994E+12
          56   4.91999986E+12   1.55000006E+12
          57   4.87000008E+12   1.68000002E+12
          58   4.95000014E+12   1.81999999E+12
          59   5.06487269E+12   1.76911929E+12
