           0   7.32339651E+10   3.02335939E+10
           1   7.77419653E+10   3.07813990E+10
           2   8.12475679E+10   3.14705224E+10
           3   8.65619640E+10   3.33627986E+10
           4   9.44075571E+10   3.65672899E+10
           5   1.02000001E+11   3.81000008E+10
           6   1.08999999E+11   4.02999992E+10
           7   1.12999997E+11   4.21999985E+10
           8   1.08000002E+11   4.42000015E+10
           9   1.15999998E+11   4.80000000E+10
          10   1.31000001E+11   5.59000003E+10
          11   1.47999998E+11   6.27999990E+10
          12   1.70000007E+11   7.03000003E+10
          13   1.92999997E+11   9.08999967E+10
          14   2.05999997E+11   1.21000002E+11
          15   2.42000003E+11   1.27000003E+11
          16   2.32999993E+11   1.33000004E+11
          17   2.62999998E+11   1.53999999E+11
          18   3.35999992E+11   1.84000004E+11
          19   4.39000007E+11   2.38999994E+11
          20   5.65000012E+11   2.87999984E+11
          21   5.41000008E+11   2.66000007E+11
          22   5.15000009E+11   2.54000005E+11
          23   4.89999991E+11   2.47000007E+11
          24   4.61000016E+11   2.54000005E+11
          25   4.89000010E+11   2.67000005E+11
          26   6.00999985E+11   3.02000013E+11
          27   7.45000010E+11   3.70000003E+11
          28   9.09999997E+11   4.28999999E+11
          29   9.26999970E+11   4.49000014E+11
          30   1.08999999E+12   5.25000016E+11
          31   1.14000003E+12   5.15000009E+11
          32   1.18000006E+12   5.43000003E+11
          33   1.05999997E+12   5.25000016E+11
          34   1.14000003E+12   5.89000016E+11
          35   1.34000004E+12   6.81999991E+11
          36   1.41999997E+12   7.37999978E+11
          37   1.55999994E+12   7.89999976E+11
          38   1.65000000E+12   8.08999977E+11
          39   1.68000002E+12   8.28999991E+11
          40   1.66000001E+12   8.65000030E+11
          41   1.64000000E+12   8.63000003E+11
          42   1.77999997E+12   9.09999997E+11
          43   2.05000003E+12   1.03000002E+12
          44   2.40999989E+12   1.20999995E+12
          45   2.52999998E+12   1.33000004E+12
          46   2.71000011E+12   1.53000005E+12
          47   3.09000012E+12   1.62999999E+12
          48   2.92000000E+12   1.64000000E+12
          49   2.40999989E+12   1.31000002E+12
          50   2.47999994E+12   1.44999999E+12
          51   2.66000007E+12   1.66000001E+12
          52   2.70000010E+12   1.66000001E+12
          53   2.77999990E+12   1.70000004E+12
          54   3.07000010E+12   1.77999997E+12
          55   2.93000000E+12   1.64000000E+12
          56   2.69000009E+12   1.56999995E+12
          57   2.66000007E+12   1.64000000E+12
          58   2.85999995E+12   1.79999998E+12
          59   2.83081363E+12   1.79466050E+12
          60   2.70774383E+12   1.49170972E+12
