           0   5.43000003E+11
           1   5.62999984E+11
           2   6.04999975E+11
           3   6.38999986E+11
           4   6.85999981E+11
           5   7.43999996E+11
           6   8.14999994E+11
           7   8.61999989E+11
           8   9.42999994E+11
           9   1.02000001E+12
          10   1.06999998E+12
          11   1.16000005E+12
          12   1.28000000E+12
          13   1.42999998E+12
          14   1.55000006E+12
          15   1.68000002E+12
          16   1.87000003E+12
          17   2.08000005E+12
          18   2.35000011E+12
          19   2.63000005E+12
          20   2.85999995E+12
          21   3.20999994E+12
          22   3.34000003E+12
          23   3.62999998E+12
          24   4.04000001E+12
          25   4.33999997E+12
          26   4.58000014E+12
          27   4.85999981E+12
          28   5.24000009E+12
          29   5.63999985E+12
          30   5.96000008E+12
          31   6.16000022E+12
          32   6.51999995E+12
          33   6.86000020E+12
          34   7.29000024E+12
          35   7.64000023E+12
          36   8.06999976E+12
          37   8.57999986E+12
          38   9.05999968E+12
          39   9.63000035E+12
          40   1.02999995E+13
          41   1.06000003E+13
          42   1.08999999E+13
          43   1.15000004E+13
          44   1.22000004E+13
          45   1.29999999E+13
          46   1.38000005E+13
          47   1.45000004E+13
          48   1.46999995E+13
          49   1.43999998E+13
          50   1.50000003E+13
          51   1.55000001E+13
          52   1.62000001E+13
          53   1.68000005E+13
          54   1.75000005E+13
          55   1.81999994E+13
          56   1.87000003E+13
          57   1.95000009E+13
          58   2.05999990E+13
          59   2.14332248E+13
          60   2.09366003E+13
