           0   4.97999995E+10
           1   5.02999982E+10
           2   5.41000008E+10
           3   5.72000010E+10
           4   6.30999982E+10
           5   6.86000005E+10
           6   7.79999969E+10
           7   8.33999995E+10
           8   9.45000038E+10
           9   1.02000001E+11
          10   1.15000001E+11
          11   1.24999999E+11
          12   1.45000006E+11
          13   1.85999999E+11
          14   2.54000005E+11
          15   2.61000004E+11
          16   3.00999999E+11
          17   3.42000009E+11
          18   3.99000011E+11
          19   4.82999992E+11
          20   5.75000019E+11
          21   6.23000027E+11
          22   5.85999974E+11
          23   6.05999989E+11
          24   7.07000009E+11
          25   7.19999992E+11
          26   7.74000017E+11
          27   8.73000010E+11
          28   9.98999982E+11
          29   1.10000000E+12
          30   1.18000006E+12
          31   1.21999996E+12
          32   1.30000001E+12
          33   1.37000006E+12
          34   1.53000005E+12
          35   1.72000005E+12
          36   1.83000000E+12
          37   2.01000000E+12
          38   2.07000004E+12
          39   2.24000003E+12
          40   2.57000001E+12
          41   2.41999990E+12
          42   2.41999990E+12
          43   2.58000001E+12
          44   2.97000003E+12
          45   3.33000003E+12
          46   3.72000005E+12
          47   4.04000001E+12
          48   4.40000001E+12
          49   3.55999993E+12
          50   4.20999987E+12
          51   4.79000003E+12
          52   4.95000014E+12
          53   5.03999994E+12
          54   5.24999983E+12
          55   5.05999996E+12
          56   4.97000015E+12
          57   5.30000013E+12
          58   5.67000013E+12
          59   5.63997206E+12
